3.5011831081231035
4.673271468704411
11.310967381742294
3.178849244145414
4.668762137306603
2.680813164724886
3.164587087170569
5.988377537793415
5.635742794187395
2.9417111414092014
18.83467783468745
3.7102271015537975
4.742837406930129
4.161013333130302
3.583002250867547
3.771668795937717
4.646182885279391
4.250898313742143
3.219369796914064
4.9783637919102315
5.243684829188018
3.332777968479143
9.78541859404543
4.938661142719772
4.01479978353222
5.1418798470304035
3.4506195913028614
3.624887574162144
4.722595056676359
3.6718284444634643
3.7245522512315135
3.7101189843621043
5.360456831042246
3.1484486711126385
3.7905512861711457
4.47440964184696
3.974412184275782
5.73690795991487
4.958219471953561
