3.534134125962855
3.3929484127533165
4.616817399666799
4.111036932962127
4.529524639001249
3.7963407412706403
4.893448310511699
4.037917177806536
5.302568223446776
4.467701532389261
3.8789491866192525
4.292471580764207
4.435216074002471
4.2420808922867685
3.2176924599382843
3.1620871754721707
4.415014135130747
3.358061585626423
4.283669369889012
188.57867391893168
3.768997154808609
3.53624376019575
3.969702618828458
5.449302594970582
5.021848663222988
3.3130754624299015
3.676676610364228
4.306750181489812
6.75259333982171
2.8636166385727457
4.062280886522535
3.0484922154339755
6.75259333982171
2.8636166385727457
4.062280886522535
3.0484922154339755
6.75259333982171
2.8636166385727457
4.062280886522535
3.0484922154339755
14.91175965848602
2.6154472387395735
3.661419055586418
2.6575093744853153
6.75259333982171
2.8636166385727457
4.062280886522535
3.0484922154339755
14.91175965848602
2.6154472387395735
3.661419055586418
2.6575093744853153
14.91175965848602
2.6154472387395735
3.661419055586418
2.6575093744853153
56.445146748329265
2.6154472387395735
3.661419055586418
2.6575093744853153
3.9166003483653595
3.4556599929236818
3.0031818126458787
4.921117745529935
3.9166003483653595
3.4556599929236818
3.0031818126458787
4.921117745529935
3.9166003483653595
3.4556599929236818
3.0031818126458787
4.921117745529935
3.46453551396232
3.2069461644712947
2.726071179680524
5.7166587574756615
3.9166003483653595
3.4556599929236818
3.0031818126458787
4.921117745529935
3.46453551396232
3.2069461644712947
2.726071179680524
5.7166587574756615
3.46453551396232
3.2069461644712947
2.726071179680524
5.7166587574756615
4.755548965111976
3.2069461644712947
2.726071179680524
5.7166587574756615
3.46453551396232
3.2069461644712947
2.726071179680524
5.7166587574756615
3.46453551396232
3.2069461644712947
2.726071179680524
5.7166587574756615
3.2788786886595127
3.2069461644712947
2.726071179680524
5.7166587574756615
3.2788786886595127
3.2069461644712947
2.726071179680524
5.7166587574756615
3.2788786886595127
3.2069461644712947
2.726071179680524
5.7166587574756615
3.2788786886595127
3.354229553408773
2.726071179680524
5.7166587574756615
3.2788786886595127
3.2069461644712947
2.726071179680524
5.7166587574756615
3.2788786886595127
3.2069461644712947
2.726071179680524
5.7166587574756615
3.2788786886595127
3.599700546304391
2.726071179680524
5.7166587574756615
3.2788786886595127
3.2069461644712947
2.726071179680524
5.7166587574756615
3.2788786886595127
3.2069461644712947
2.726071179680524
5.7166587574756615
3.21208197640449
3.2069461644712947
2.726071179680524
5.7166587574756615
3.46453551396232
3.2069461644712947
2.726071179680524
5.7166587574756615
3.21208197640449
3.2069461644712947
2.726071179680524
5.7166587574756615
3.21208197640449
3.2069461644712947
2.726071179680524
5.7166587574756615
3.21208197640449
3.2069461644712947
2.726071179680524
5.7166587574756615
2.7247976371783
2.7175519880080983
14.830196734526531
3.724954706914918
3.21208197640449
3.2069461644712947
2.726071179680524
5.7166587574756615
2.7247976371783
2.7175519880080983
14.830196734526531
3.724954706914918
2.7247976371783
2.7175519880080983
14.830196734526531
3.724954706914918
2.7247976371783
2.7175519880080983
14.830196734526531
15.212471902145106
2.7247976371783
2.7175519880080983
14.830196734526531
15.212471902145106
2.7247976371783
2.7175519880080983
14.830196734526531
15.212471902145106
2.7181155606938976
2.7175519880080983
14.830196734526531
15.212471902145106
2.7181155606938976
2.7175519880080983
14.830196734526531
15.212471902145106
2.7181155606938976
2.7175519880080983
14.830196734526531
15.212471902145106
2.7181155606938976
3.0824541506686156
14.830196734526531
15.212471902145106
2.7181155606938976
2.7175519880080983
14.830196734526531
15.212471902145106
2.7181155606938976
2.7175519880080983
14.830196734526531
15.212471902145106
2.7181155606938976
2.7175519880080983
14.830196734526531
565.0883805402659
2.7181155606938976
2.7175519880080983
14.830196734526531
565.0883805402659
2.7181155606938976
2.7175519880080983
14.830196734526531
565.0883805402659
2.7181155606938976
2.7175519880080983
14.830196734526531
19.7550378110657
2.7247976371783
2.7175519880080983
14.830196734526531
3.724954706914918
2.7181155606938976
2.7175519880080983
14.830196734526531
19.7550378110657
2.7181155606938976
2.7175519880080983
14.830196734526531
19.7550378110657
2.7181155606938976
2.7175519880080983
14.830196734526531
19.7550378110657
2.5662247673375362
2.565431451946775
298.49898666387065
56.16815234710264
2.7181155606938976
2.7175519880080983
14.830196734526531
19.7550378110657
2.5662247673375362
2.565431451946775
14.830196734526531
19.7550378110657
2.5662247673375362
2.565431451946775
14.830196734526531
19.7550378110657
2.7562282452815494
2.565431451946775
14.830196734526531
19.7550378110657
2.5662247673375362
2.565431451946775
14.830196734526531
19.7550378110657
2.5662247673375362
2.565431451946775
14.830196734526531
19.7550378110657
2.5662247673375362
2.6708199654239557
14.830196734526531
19.7550378110657
2.5662247673375362
2.565431451946775
14.830196734526531
19.7550378110657
2.5662247673375362
2.565431451946775
14.830196734526531
19.7550378110657
2.5662247673375362
2.7863849153707703
14.830196734526531
19.7550378110657
2.5662247673375362
2.565431451946775
14.830196734526531
19.7550378110657
2.5662247673375362
2.565431451946775
14.830196734526531
19.7550378110657
2.5662247673375362
2.8403398934381783
14.830196734526531
19.7550378110657
2.5662247673375362
2.565431451946775
14.830196734526531
19.7550378110657
2.5662247673375362
2.565431451946775
14.830196734526531
19.7550378110657
2.5662247673375362
2.7953692731887343
14.830196734526531
19.7550378110657
2.5662247673375362
2.565431451946775
14.830196734526531
19.7550378110657
2.5662247673375362
2.565431451946775
14.830196734526531
19.7550378110657
2.5662247673375362
2.565431451946775
14.830196734526531
19.7550378110657
2.5662247673375362
2.565431451946775
14.830196734526531
19.7550378110657
2.4894229109611223
2.4885813013094342
13.703949032374757
141.653346920576
2.5662247673375362
2.565431451946775
14.830196734526531
19.7550378110657
2.4894229109611223
2.4885813013094342
14.830196734526531
19.7550378110657
2.4894229109611223
2.4885813013094342
14.830196734526531
19.7550378110657
2.4894229109611223
2.576888910037416
14.830196734526531
19.7550378110657
2.4894229109611223
2.4885813013094342
14.830196734526531
19.7550378110657
2.4894229109611223
2.4885813013094342
14.830196734526531
19.7550378110657
2.4894229109611223
2.6351017746600873
14.830196734526531
19.7550378110657
2.4894229109611223
2.4885813013094342
14.830196734526531
19.7550378110657
2.4894229109611223
2.4885813013094342
14.830196734526531
19.7550378110657
2.489053422532003
2.4885813013094342
14.830196734526531
19.7550378110657
2.489053422532003
2.4885813013094342
14.830196734526531
19.7550378110657
2.489053422532003
2.4885813013094342
14.830196734526531
19.7550378110657
2.4819432681629277
2.4885813013094342
14.830196734526531
19.7550378110657
2.489053422532003
2.4885813013094342
14.830196734526531
19.7550378110657
2.489053422532003
2.4885813013094342
14.830196734526531
19.7550378110657
2.5141302526063147
2.4885813013094342
14.830196734526531
19.7550378110657
2.4894229109611223
2.4885813013094342
14.830196734526531
19.7550378110657
2.489053422532003
2.4885813013094342
14.830196734526531
19.7550378110657
2.489053422532003
2.4885813013094342
14.830196734526531
19.7550378110657
2.489053422532003
2.4885813013094342
14.830196734526531
19.7550378110657
2.6184510870096864
2.6173590015157187
41.1326511847348
577.4513249859796
2.489053422532003
2.4885813013094342
14.830196734526531
19.7550378110657
2.6184510870096864
2.6173590015157187
14.830196734526531
577.4513249859796
2.6184510870096864
2.6173590015157187
14.830196734526531
577.4513249859796
2.577887661360478
2.6173590015157187
14.830196734526531
577.4513249859796
2.6184510870096864
2.6173590015157187
14.830196734526531
577.4513249859796
2.6184510870096864
2.6173590015157187
14.830196734526531
577.4513249859796
2.6184510870096864
2.50218787870144
14.830196734526531
577.4513249859796
2.6184510870096864
2.6173590015157187
14.830196734526531
577.4513249859796
2.6184510870096864
2.6173590015157187
14.830196734526531
577.4513249859796
2.5036050562494174
2.6173590015157187
14.830196734526531
577.4513249859796
2.6184510870096864
2.6173590015157187
14.830196734526531
577.4513249859796
2.6184510870096864
2.6173590015157187
14.830196734526531
577.4513249859796
2.6181600655603097
2.6173590015157187
14.830196734526531
577.4513249859796
2.6181600655603097
2.6173590015157187
14.830196734526531
577.4513249859796
2.6181600655603097
2.6173590015157187
14.830196734526531
577.4513249859796
2.6174265063253577
2.6173590015157187
14.830196734526531
577.4513249859796
2.6184510870096864
2.6173590015157187
14.830196734526531
577.4513249859796
2.6174265063253577
2.6173590015157187
14.830196734526531
577.4513249859796
